0 0.000910
1 0.000984
2 0.000949
3 0.000948
4 0.000948
5 0.000961
6 0.001206
7 0.000980
8 0.000973
9 0.000983
10 0.001028
11 0.000957
12 0.000983
13 0.000986
14 0.001001
15 0.001045
16 0.001050
17 0.001121
18 0.001251
19 0.001430
20 0.001760
21 0.002274
22 0.003179
23 0.004355
24 0.006401
25 0.009762
26 0.015314
27 0.024141
28 0.038638
29 0.061533
30 0.099538
31 0.159274
32 0.261042
33 0.415311
34 0.660367
35 1.088659
36 1.764720
37 2.853074
38 4.694447
39 7.475770
40 13.115804
41 20.185544
42 32.454507
43 51.736161
44 83.494505
45 133.950204
46 216.843174
47 354.318802
