0 0.001189
1 0.001072
2 0.000922
3 0.000946
4 0.000933
5 0.000933
6 0.000966
7 0.000933
8 0.000946
9 0.000976
10 0.000953
11 0.000955
12 0.000960
13 0.000960
14 0.000995
15 0.000942
16 0.000972
17 0.001073
18 0.000943
19 0.000958
20 0.000955
21 0.000952
22 0.001429
23 0.000982
24 0.000971
25 0.000961
26 0.000954
27 0.000961
28 0.000940
29 0.000927
30 0.000932
31 0.000961
32 0.000935
33 0.000982
34 0.000952
35 0.000920
36 0.001360
37 0.000989
38 0.000923
39 0.000967
40 0.000956
41 0.000957
42 0.000941
43 0.000976
44 0.000943
45 0.000961
46 0.000943
47 0.000946
