0 0.001338
1 0.000965
2 0.000930
3 0.000943
4 0.000932
5 0.000970
6 0.000959
7 0.000923
8 0.000924
9 0.000934
10 0.000923
11 0.000980
12 0.000942
13 0.000942
14 0.000983
15 0.001034
16 0.000957
17 0.000942
18 0.000934
19 0.000931
20 0.000923
21 0.000928
22 0.000940
23 0.000935
24 0.000961
25 0.000943
26 0.000966
27 0.000934
28 0.000935
29 0.000955
30 0.001584
31 0.000948
32 0.000947
33 0.000936
34 0.000946
35 0.000946
36 0.000931
37 0.000957
38 0.000961
39 0.000947
40 0.000942
41 0.000936
42 0.000934
43 0.000934
44 0.000946
45 0.000931
46 0.000955
47 0.000902
